0.110000 -0.035355 -0.035355
0.050000 0.010000 -0.050000
0.000000 0.000000 -0.060000
-0.010000 -0.050000 -0.050000
-0.050000 -0.050000 -0.010000
-0.035355 -0.110000 0.035355
-0.050000 -0.010000 -0.050000
-0.035355 0.035355 -0.110000
0.010000 0.050000 -0.050000
0.050000 0.050000 -0.010000
0.035355 0.110000 0.035355
-0.010000 0.050000 0.050000
-0.050000 0.050000 0.010000
-0.035355 0.110000 -0.035355
-0.060000 0.000000 0.000000
-0.110000 0.035355 -0.035355
-0.050000 0.010000 0.050000
-0.110000 -0.035355 0.035355
-0.050000 0.100000 0.100000
0.060000 0.000000 0.000000
0.050000 -0.010000 0.050000
0.000000 -0.000000 0.060000
0.035355 0.035355 0.110000
0.010000 -0.050000 0.050000
-0.035355 -0.035355 0.110000
0.000000 -0.060000 -0.000000
0.050000 -0.050000 0.010000
0.035355 -0.110000 -0.035355
0.100000 -0.100000 0.050000
0.160000 0.000000 0.000000
0.110000 0.035355 0.035355
0.100000 -0.050000 0.100000
0.100000 0.100000 -0.050000
0.100000 0.050000 -0.100000
0.050000 0.100000 -0.100000
-0.100000 0.100000 0.050000
0.000000 0.160000 0.000000
-0.100000 -0.050000 -0.100000
-0.100000 -0.100000 -0.050000
-0.100000 0.050000 0.100000
-0.160000 0.000000 0.000000
-0.050000 -0.100000 -0.100000
0.050000 -0.100000 0.100000
0.000000 -0.160000 -0.000000
0.000000 -0.000000 0.160000
0.000000 0.060000 0.000000
0.035355 -0.035355 -0.110000
0.000000 0.000000 -0.160000
===
0 33 29
1 33 0
1 46 33
2 46 1
3 46 2
3 41 46
3 27 41
3 25 27
4 25 3
4 5 25
5 4 38
4 17 38
4 14 17
6 14 4
6 15 14
6 37 15
6 7 37
6 2 7
3 2 6
4 3 6
7 2 8
8 2 1
9 8 1
9 45 8
10 45 9
11 45 10
12 45 11
12 13 45
13 12 35
12 15 35
14 15 12
16 14 12
17 14 16
16 39 17
16 24 39
16 21 24
11 21 16
11 22 21
11 18 22
11 10 18
18 10 36
10 32 36
10 9 32
9 30 32
19 30 9
20 30 19
20 31 30
20 22 31
21 22 20
23 21 20
24 21 23
23 42 24
23 5 42
25 5 23
26 25 23
27 25 26
27 26 28
26 0 28
26 19 0
20 19 26
26 23 20
0 19 1
1 19 9
28 0 29
28 29 31
30 31 29
30 29 32
32 29 33
34 32 33
34 36 32
13 36 34
13 35 36
18 36 35
18 35 39
35 40 39
15 40 35
15 37 40
38 40 37
38 17 40
17 39 40
41 38 37
41 43 38
41 27 43
27 28 43
42 43 28
5 43 42
5 38 43
42 28 31
31 44 42
22 44 31
22 18 44
39 44 18
39 24 44
24 42 44
37 47 41
37 7 47
7 34 47
8 34 7
8 13 34
45 13 8
33 47 34
46 47 33
46 41 47
12 11 16
===
